0.138437883781532,0.8144865738519029,0.40924047863411106,0.30828497605297767,0.0634065616031183
0.6967654674201815,0.4276268955396788,0.22680451341919117,0.3655931669580692,0.9486145108310394
0.6148012626565906,0.33325863518894505,0.3605665469870921,0.15441833491944512,0.8862218413747572
0.9905895309843024,0.010176413681613372,0.8054812787860328,0.7760720994217636,0.6264973349604661
0.8776579846034213,0.3413376415485484,0.7168171925421148,0.4391262376225241,0.9686475928804746
-0.6753647000338673,0.13614837484232786,0.09629249913566724,-0.2619370078723103,0.015083815824437581
0.055387462561409924,-0.052164762129429824,0.1604090007073745,0.37084411320245353,-0.24869426582123325
-0.1839328253515662,0.09946184823334958,0.16994737441730548,-0.0517199710623829,-0.21330502243081997
-0.35526875621594106,-0.16036694854457995,0.1981564500846107,0.13466070953534787,-0.2408488649638045
-0.5762299794275588,0.4160855066342154,-0.02235041436562741,-0.38533440110932704,0.1160951512327683
0.10469375122884973
0.17908204092625096
0.6399264760539777
0.13219997064680789
0.44501296038014115
0.09688053086689696
